0901000001
0901000002
0901000003
0901000004
0901000005
0901000006
0901000007
0901000008
0901000009
0901000010
0901000011
0901000012
0901000013
0901000014
0901000015
0901000016
0901000017
0901000018
0901000019
0901000020
0901000021
0901000022
0901000023
0901000024
0901000025
0901000026
0901000027
0901000028
0901000029
0901000030
0901000031
0901000032
0901000033
0901000034
0901000035
0901000036
0901000037
0901000038
0901000039
0901000040
0901000041
0901000042
0901000043
0901000044
0901000045
0901000046
0901000047
0901000048
0901000049
0901000050
0901000051
0901000052
0901000053
0901000054
0901000055
0901000056
0901000057
0901000058
0901000059
0901000060
0901000061
0901000062
0901000063
0901000064
0901000065
0901000066
0901000067
0901000068
0901000069
0901000070
0901000071
0901000072
0901000073
0901000074
0901000075
0901000076
0901000077
0901000078
0901000079
0901000080
0901000081
0901000082
0901000083
0901000084
0901000085
0901000086
0901000087
0901000088
0901000089
0901000090
0901000091
0901000092
0901000093
0901000094
0901000095
0901000096
0901000097
0901000098
0901000099
0901000100
